Month,PaymentCount,PayDate,ScheduledPrincipal,ScheduledInterest,ScheduledBalance,PrepaySpeed,DefaultRate,Recovery,ServicingCF,EarnoutCF,Balance,Principal,Default,Prepay,InterestAmount,TotalCF
1,0,08/24/2015,0.0,0.0,7500.0,0.0000%,0.1811%,0.0,0.0,0.0,7500.0,0.0,0.0,0.0,0.0,-7885.67
2,1,09/24/2015,135.23,175.00,7364.77,0.8570%,0.4597%,1.09,15.60,0.0,7288.29,198.12,13.58,63.14,174.69,358.30
3,2,10/24/2015,138.38,171.85,7226.39,0.9833%,0.7046%,2.68,15.11,0.0,7048.12,206.67,33.50,70.35,169.28,363.52
4,3,11/24/2015,141.61,168.62,7084.78,1.0923%,0.9182%,3.97,14.58,0.0,6785.80,212.66,49.66,75.51,163.30,365.35
5,4,12/24/2015,144.91,165.32,6939.87,1.1852%,1.1025%,4.98,14.01,0.0,6507.15,216.34,62.31,78.82,156.89,364.20
6,5,01/24/2016,148.30,161.93,6791.58,1.2631%,1.2597%,5.74,13.41,0.0,6217.41,218.00,71.74,80.48,150.16,360.49
7,6,02/24/2016,151.76,158.47,6639.82,1.3274%,1.3916%,6.27,12.79,0.0,5921.18,217.91,78.32,80.73,143.25,354.64
8,7,03/24/2016,155.30,154.93,6484.52,1.3793%,1.5003%,6.59,12.16,0.0,5622.41,216.37,82.40,79.81,136.24,347.04
9,8,04/24/2016,158.92,151.31,6325.60,1.4199%,1.5875%,6.75,11.54,0.0,5324.40,213.66,84.35,77.93,129.22,338.09
10,9,05/24/2016,162.63,147.60,6162.97,1.4506%,1.6549%,6.76,10.92,0.0,5029.85,210.02,84.52,75.31,122.27,328.13
11,10,06/24/2016,166.42,143.81,5996.55,1.4725%,1.7042%,6.66,10.31,0.0,4740.91,205.70,83.24,72.12,115.42,317.48
12,11,07/24/2016,170.31,139.92,5826.24,1.4869%,1.7370%,6.46,9.71,0.0,4459.21,200.90,80.80,68.55,108.74,306.40
13,12,08/24/2016,174.28,135.95,5651.96,1.4950%,1.7547%,6.20,9.13,93.75,4185.95,195.80,77.46,64.73,102.24,201.37
14,13,09/24/2016,178.35,131.88,5473.62,1.4981%,1.7587%,5.88,8.57,0.0,3921.94,190.56,73.45,60.79,95.96,283.83
15,14,10/24/2016,182.51,127.72,5291.11,1.4972%,1.7502%,5.52,8.03,0.0,3667.67,185.30,68.97,56.83,89.90,272.69
16,15,11/24/2016,186.77,123.46,5104.34,1.4938%,1.7306%,5.14,7.51,0.0,3423.36,180.12,64.19,52.92,84.08,261.83
17,16,12/24/2016,191.13,119.10,4913.21,1.4890%,1.7010%,4.74,7.01,0.0,3189.02,175.10,59.25,49.13,78.50,251.33
18,17,01/24/2017,195.59,114.64,4717.63,1.4840%,1.6623%,4.34,6.53,0.0,2964.47,170.30,54.24,45.51,73.15,241.25
19,18,02/24/2017,200.15,110.08,4517.48,1.4801%,1.6156%,3.94,6.07,93.75,2749.43,165.76,49.28,42.09,68.02,137.91
20,19,03/24/2017,204.82,105.41,4312.66,1.4785%,1.5617%,3.55,5.64,0.0,2543.49,161.52,44.42,38.88,63.12,222.56
21,20,04/24/2017,209.60,100.63,4103.06,1.4804%,1.5015%,3.18,5.22,0.0,2346.18,157.58,39.72,35.90,58.42,213.97
22,21,05/24/2017,214.49,95.74,3888.57,1.4871%,1.4355%,2.82,4.81,0.0,2157.01,153.95,35.23,33.14,53.92,205.87
23,22,06/24/2017,219.49,90.74,3669.08,1.4998%,1.3645%,2.48,4.43,0.0,1975.44,150.61,30.96,30.60,49.61,198.26
24,23,07/24/2017,224.62,85.61,3444.46,1.5196%,1.2890%,2.16,4.06,0.0,1800.94,147.54,26.96,28.26,45.47,191.11
25,24,08/24/2017,229.86,80.37,3214.61,1.5479%,1.2094%,1.86,3.70,0.0,1632.99,144.73,23.21,26.10,41.48,184.37
26,25,09/24/2017,235.22,75.01,2979.39,1.5859%,1.1261%,1.58,3.36,0.0,1471.11,142.13,19.75,24.09,37.64,178.00
27,26,10/24/2017,240.71,69.52,2738.68,1.6348%,1.0394%,1.33,3.03,0.0,1314.83,139.71,16.57,22.20,33.94,171.95
28,27,11/24/2017,246.33,63.90,2492.35,1.6958%,0.9494%,1.09,2.71,0.0,1163.74,137.42,13.67,20.39,30.36,166.16
29,28,12/24/2017,252.07,58.16,2240.28,1.7701%,0.8563%,0.88,2.40,0.0,1017.49,135.20,11.05,18.62,26.90,160.58
30,29,01/24/2018,257.96,52.27,1982.32,1.8590%,0.7601%,0.70,2.10,0.0,875.77,133.00,8.71,16.85,23.54,155.14
31,30,02/24/2018,263.97,46.26,1718.35,1.9637%,0.6608%,0.53,1.81,0.0,738.35,130.76,6.66,15.03,20.28,149.77
32,31,03/24/2018,270.13,40.10,1448.21,2.0855%,0.5581%,0.39,1.53,0.0,605.06,128.42,4.88,13.11,17.11,144.39
33,32,04/24/2018,276.44,33.79,1171.78,2.2255%,0.4519%,0.27,1.25,0.0,475.79,125.89,3.38,11.04,14.04,138.94
34,33,05/24/2018,282.89,27.34,888.89,2.3850%,0.3418%,0.17,0.99,0.0,350.53,123.11,2.15,8.77,11.05,133.35
35,34,06/24/2018,289.49,20.74,599.40,2.5652%,0.2275%,0.10,0.73,0.0,229.33,120.01,1.20,6.24,8.15,127.53
36,35,07/24/2018,296.24,13.99,303.16,2.7673%,0.0000%,0.04,0.48,0.0,112.32,116.48,0.52,3.40,5.34,121.39
37,36,08/24/2018,303.16,7.07,0.00,0.0000%,0.0000%,0,0.23,0.0,0.00,112.32,0,0,2.62,114.71
